1429 0.0 0.0 30.0
2263 0.0 0.0 30.0
1822 0.0 0.0 30.0
2236 0.0 0.0 30.0
1819 0.0 0.0 30.0
2259 0.0 0.0 30.0
2267 0.0 0.0 30.0
1759 0.0 0.0 30.0
2161 0.0 0.0 30.0
1765 0.0 0.0 30.0
2112 0.0 0.0 30.0
1769 0.0 0.0 30.0
1762 0.0 0.0 30.0
2608 0.0 0.0 30.0
19916 0.0 0.0 30.0
1756 0.0 0.0 30.0
1796 0.0 0.0 30.0
1745 0.0 0.0 30.0
1828 0.0 0.0 30.0
1829 0.0 0.0 30.0
1840 0.0 0.0 30.0
2224 0.0 0.0 30.0
1661 0.0 0.0 30.0
1738 0.0 0.0 30.0
2297 0.0 0.0 30.0
2226 0.0 0.0 30.0
2452 0.0 0.0 30.0
2296 0.0 0.0 30.0
2815 0.0 0.0 30.0
2514 0.0 0.0 30.0
1809 0.0 0.0 30.0
2631 0.0 0.0 30.0
1704 0.0 0.0 30.0
1723 0.0 0.0 30.0
1824 0.0 0.0 30.0
1827 0.0 0.0 30.0
1825 0.0 0.0 30.0
2125 0.0 0.0 30.0
2008 0.0 0.0 30.0
2592 0.0 0.0 30.0
1594 0.0 0.0 30.0
1716 0.0 0.0 30.0
1670 0.0 0.0 30.0
1455 0.0 0.0 30.0
1484 0.0 0.0 30.0
1485 0.0 0.0 30.0
1543 0.0 0.0 30.0
1666 0.0 0.0 30.0
1667 0.0 0.0 30.0
1668 0.0 0.0 30.0
1551 0.0 0.0 30.0
1546 0.0 0.0 30.0
1510 0.0 0.0 30.0
1511 0.0 0.0 30.0
1699 0.0 0.0 30.0
1520 0.0 0.0 30.0
1541 0.0 0.0 30.0
1542 0.0 0.0 30.0
1665 0.0 0.0 30.0
1664 0.0 0.0 30.0
1833 0.0 0.0 30.0
1491 0.0 0.0 30.0
1492 0.0 0.0 30.0
1493 0.0 0.0 30.0
1494 0.0 0.0 30.0
1495 0.0 0.0 30.0
1498 0.0 0.0 30.0
1499 0.0 0.0 30.0
1500 0.0 0.0 30.0
1501 0.0 0.0 30.0
1502 0.0 0.0 30.0
1504 0.0 0.0 30.0
1505 0.0 0.0 30.0
1506 0.0 0.0 30.0
1507 0.0 0.0 30.0
1556 0.0 0.0 30.0
1557 0.0 0.0 30.0
1569 0.0 0.0 30.0
19076 0.0 0.0 30.0
19054 0.0 0.0 30.0
19055 0.0 0.0 30.0
19056 0.0 0.0 30.0