19006 0.0 0.0 90.0
19007 0.0 0.0 90.0
19008 0.0 0.0 90.0
19009 0.0 0.0 90.0
19010 0.0 0.0 90.0
19011 0.0 0.0 90.0
19012 0.0 0.0 90.0
19013 0.0 0.0 90.0
19014 0.0 0.0 90.0
19015 0.0 0.0 90.0
19016 0.0 0.0 90.0
19017 0.0 0.0 90.0
19018 0.0 0.0 90.0
19019 0.0 0.0 90.0
19020 0.0 0.0 90.0
19021 0.0 0.0 90.0
19022 0.0 0.0 90.0
19023 0.0 0.0 90.0
19024 0.0 0.0 90.0
19025 0.0 0.0 90.0
19026 0.0 0.0 90.0
19027 0.0 0.0 90.0
19028 0.0 0.0 90.0
19029 0.0 0.0 90.0
19030 0.0 0.0 90.0
19031 0.0 0.0 90.0
19032 0.0 0.0 90.0
19033 0.0 0.0 90.0
19034 0.0 0.0 90.0
19035 0.0 0.0 90.0